em: 0.17647058823529413
f1: 0.25959383753501397
acc: 0.35294117647058826
